211
288
208
48
179
111
157
197
38
240
157
292
192
94
132
50
249
118
149
6
4
159
87
19
24
282
287
4
53
262
165
202
62
29
157
227
4
247
274
176
297
243
111
32
22
11
66
284
286
173
3
286
80
164
46
30
214
80
292
17
123
45
153
184
206
260
1
133
109
251
229
44
264
62
292
121
181
106
12
296
256
263
137
169
15
185
175
97
260
210
51
56
46
34
13
164
73
198
31
194
64
190
265
88
107
49
36
175
249
67
192
202
164
71
295
282
252
153
33
228
258
81
177
284
281
196
233
66
173
158
276
134
13
161
227
240
82
34
58
210
174
73
296
238
266
285
266
19
36
125
8
183
256
104
152
296
33
256
260
235
206
137
282
118
238
16
214
184
97
110
150
71
40
61
36
120
238
239
249
139
84
116
117
102
89
33
147
226
170
197
274
57
58
235
72
232
22
262
158
120
147
124
216
204
134
158
87
81
8
102
256
98
209
295
206
109
79
293
167
33
264
224
247
9
68
27
110
269
148
168
219
28
113
186
273
286
49
17
85
131
191
153
207
256
270
25
13
244
100
122
170
213
159
269
148
212
295
161
45
54
9
189
118
172
31
184
148
162
45
245
30
172
224
278
107
133
190
159
142
27
281
292
87
190
134
251
172
236
16
95
264
273
129
6
102
65
121
83
245
74
54
143
83
46
95
237
31
85
28
173
20
162
33
55
263
224
171
215
75
171
299
122
203
148
104
226
47
33
91
183
249
164
8
103
195
183
44
263
140
64
117
266
271
70
194
197
252
7
288
232
278
47
92
17
175
266
265
42
262
89
200
95
187
139
246
68
218
25
235
132
133
26
121
231
15
149
282
153
25
27
274
159
160
154
134
89
3
210
249
9
42
258
129
204
199
270
6
78
96
298
279
23
258
219
112
147
33
252
138
57
191
41
188
179
229
123
151
225
223
34
61
236
152
14
179
233
102
31
266
231
234
277
13
261
71
64
297
287
132
12
222
122
208
135
24
69
22
169
185
15
283
121
207
259
110
115
135
283
26
125
139
8
200
285
58
73
45
7
218
282
116
175
114
267
11
198
180
57
270
126
1
27
208
219
131
133
238
167
40
190
246
156
73
124
20
128
151
32
191
66
53
217
18
207
246
216
112
15
225
234
297
273
283
103
201
244
151
243
279
160
49
137
79
224
255
9
88
29
123
213
237
287
187
204
261
155
5
207
4
204
27
245
227
206
166
156
279
8
281
60
274
297
77
140
23
65
274
23
219
224
53
169
188
16
172
178
201
79
96
278
122
15
230
225
141
37
76
140
133
91
211
13
258
29
157
32
153
143
291
79
62
33
272
291
23
99
295
227
254
90
179
109
278
131
209
271
114
26
87
219
167
205
295
26
127
62
273
145
221
26
164
253
255
124
1
13
270
14
150
73
97
82
166
125
69
299
78
30
55
49
64
129
297
26
29
174
6
211
33
122
160
79
25
104
169
182
48
40
2
72
131
117
69
298
289
253
61
69
287
147
194
35
287
280
252
231
275
125
82
276
224
80
13
96
280
188
201
105
69
122
134
112
35
194
71
162
131
131
105
84
89
53
161
86
127
291
171
162
199
108
35
273
196
74
33
206
295
15
177
242
11
111
194
212
66
122
230
78
266
136
226
92
140
137
44
127
274
84
102
192
7
271
73
202
11
237
118
174
216
155
216
26
8
3
122
111
127
281
2
106
84
18
198
269
99
215
62
299
2
28
42
30
133
53
169
240
286
41
146
190
117
64
134
235
142
100
203
181
192
72
39
115
62
37
0
291
64
22
227
288
272
226
98
110
58
287
154
217
61
29
241
248
46
195
208
230
54
213
164
226
271
123
22
91
299
93
297
234
265
87
179
164
100
27
218
274
257
60
20
46
59
153
201
138
121
251
41
160
168
292
214
286
213
149
22
171
113
256
92
138
239
229
87
45
254
150
203
257
48
85
124
251
58
211
104
286
197
265
133
280
95
161
3
94
234
127
243
108
38
9
137
279
190
257
113
201
89
124
224
126
13
66
13
45
152
100
274
247
61
93
245
269
233
186
130
120
154
252
82
100
236
38
192
26
294
238
52
214
279
84
101
119
245
62
268
150
62
263
245
209
142
110
200
217
232
136
100
297
297
149
130
265
244
140
266
85
194
229
221
118
150
107
231
67
264
189
59
76
88
14
63
159
268
189
214
99
65
162
135
126
86
261
75
33
129
214
178
93
40
178
202
160
19
209
289
202
202
157
56
9
222
41
251
51
239
121
267
135
188
213
266
37
254
161
298
186
274
72
188
19
114
224
238
204
250
113
295
24
287
231
118
191
39
277
14
4
58
123
64
133
177
88
133
128
33
9
42
286
114
164
273
297
73
196
66
262
298
83
149
61
186
234
170
41
268
158
194
102
99
139
108
145
295
285
293
197
291
156
143
279
238
248
152
61
173
181
85
30
269
93
192
245
72
11
199
95
226
95
222
93
200
264
28
207
296
112
77
270
68
42
70
160
123
52
121
177
273
188
255
252
257
120
179
268
185
69
81
272
146
72
263
262
10
22
47
39
278
154
129
277
271
36
214
237
162
185
57
211
206
252
232
20
175
19
211
126
1
66
261
274
219
83
135
187
8
58
153
273
198
35
169
144
145
194
131
270
174
158
247
58
37
98
65
210
187
16
62
244
100
222
5
16
188
193
161
149
48
212
126
93
168
150
98
30
174
96
205
99
157
93
55
150
236
10
165
47
149
211
290
148
297
147
148
66
144
209
81
229
184
243
275
100
115
4
228
59
174
112
149
216
201
47
225
215
7
191
273
169
196
113
63
27
14
6
179
37
104
213
76
237
174
36
235
4
289
144
13
223
233
5
66
225
180
158
46
245
164
41
55
165
21
138
23
6
73
189
120
259
36
93
41
114
44
267
74
170
56
187
223
274
274
161
29
14
223
66
117
168
250
245
9
208
73
41
28
239
99
212
286
245
228
142
80
241
259
166
117
279
73
261
169
104
127
221
229
56
41
87
115
176
80
151
191
248
177
187
114
248
287
247
21
255
252
100
178
89
286
196
151
89
116
65
107
265
54
288
226
233
172
243
263
193
275
158
51
291
224
279
59
252
71
221
262
2
203
274
294
33
31
231
260
178
144
207
174
277
88
250
204
182
134
133
161
175
255
27
239
120
149
262
153
202
285
254
276
176
62
217
36
279
296
148
89
273
207
36
249
224
68
25
180
220
1
27
53
178
79
174
294
266
43
87
168
152
34
223
91
254
130
184
257
298
262
138
109
114
3
108
25
291
232
182
125
45
66
138
200
59
41
6
121
183
183
247
82
117
126
196
196
25
124
44
216
262
173
190
120
256
289
18
136
160
90
220
279
107
76
249
101
168
7
255
151
166
101
178
221
213
5
64
174
64
19
232
21
7
13
211
219
109
137
271
64
81
56
125
239
236
298
220
268
58
78
210
76
263
181
183
188
288
287
76
273
290
242
265
192
233
201
138
60
60
275
110
69
32
144
105
195
114
283
221
262
282
190
183
117
70
91
179
0
222
155
3
98
9
136
295
26
144
259
126
198
45
182
220
153
163
206
165
174
32
272
290
82
223
251
77
188
299
22
253
247
295
62
178
284
240
102
249
198
204
45
292
142
284
259
161
134
216
0
229
153
238
90
175
44
196
73
153
136
242
51
270
203
151
200
20
195
187
192
64
93
213
156
276
70
245
259
196
104
105
16
112
246
256
14
165
209
251
299
194
30
211
274
129
16
134
229
206
256
198
178
147
77
235
56
5
249
280
20
202
101
5
284
55
56
262
279
255
176
167
182
109
104
230
207
11
13
89
245
240
285
141
219
83
60
66
12
200
43
222
2
90
143
192
66
121
152
48
167
219
297
124
242
66
53
8
286
63
266
54
247
213
265
32
293
227
62
271
266
40
13
117
251
217
289
73
99
131
129
154
252
230
164
33
235
84
33
299
298
46
59
239
73
42
237
35
230
112
282
40
156
126
210
66
65
210
180
222
286
165
207
68
224
174
150
140
285
279
129
276
189
260
221
50
293
66
271
230
183
274
64
139
59
117
151
114
197
238
167
246
137
58
274
162
28
243
2
120
23
88
52
296
17
208
191
225
20
218
34
13
188
260
296
122
159
262
110
123
220
244
278
249
126
234
107
288
159
269
249
49
214
39
110
125
231
71
121
234
261
185
50
128
136
254
178
151
203
101
61
271
255
113
121
136
170
247
49
119
139
158
98
268
95
251
172
185
234
104
208
115
170
80
144
172
241
54
223
281
281
265
135
252
149
269
113
141
117
2
100
237
134
225
97
83
235
233
101
75
80
68
159
70
29
138
163
283
161
21
19
67
247
242
161
8
200
11
153
165
87
298
25
243
238
24
210
199
77
53
289
46
275
99
258
133
27
120
19
123
217
202
68
67
162
245
194
198
226
176
214
44
171
224
183
186
56
115
242
56
68
134
89
132
217
204
137
39
256
278
85
30
177
75
116
200
290
242
150
294
129
11
282
111
95
159
126
232
23
4
80
123
151
56
48
212
15
235
5
184
276
19
128
262
265
164
154
186
295
161
242
52
202
137
23
196
289
41
3
195
86
196
120
134
215
192
110
286
240
81
181
136
287
8
144
157
56
266
83
77
248
216
9
112
252
281
113
165
150
194
257
238
48
10
135
227
12
206
243
230
211
142
266
123
52
268
290
201
279
116
118
189
223
286
187
226
13
44
70
280
150
207
292
5
266
103
280
200
166
49
84
108
167
21
299
9
180
212
49
233
87
196
15
174
58
233
172
198
231
2
128
103
92
120
41
23
81
42
183
187
4
166
288
64
2
231
104
154
107
112
237
37
177
187
78
180
234
113
189
212
79
138
30
97
286
232
263
206
254
229
89
119
192
224
48
90
62
91
245
187
181
295
127
281
140
84
124
155
167
108
89
136
277
8
233
185
42
232
214
109
4
244
217
191
192
248
78
94
279
130
267
66
178
177
21
281
19
184
244
12
172
151
21
54
37
10
200
229
77
203
46
240
229
208
231
237
245
222
57
269
239
148
193
16
49
171
86
169
273
130
42
197
75
141
59
130
187
13
79
52
275
14
236
191
119
249
43
216
87
117
158
53
117
20
23
62
47
9
179
293
19
168
67
88
162
259
73
213
74
200
23
246
124
229
123
166
148
66
74
188
229
29
147
167
0
26
34
94
28
214
22
85
57
118
214
127
298
216
131
297
35
253
35
31
147
63
176
54
77
36
23
149
285
16
55
20
105
291
285
66
52
167
94
189
75
245
287
192
279
278
255
64
58
232
259
131
37
96
257
25
53
106
235
155
1
119
238
26
260
279
8
0
179
107
175
34
13
85
203
189
105
101
71
240
151
206
187
198
263
161
24
264
246
1
265
198
298
209
149
259
217
294
184
282
277
263
2
162
266
13
57
128
47
66
59
135
110
115
120
284
118
214
29
108
106
53
13
3
64
111
135
201
115
278
104
31
213
87
42
134
79
114
289
212
10
145
161
76
214
274
5
10
45
238
287
171
143
29
159
88
123
176
36
86
212
186
4
130
292
190
187
191
189
111
116
48
74
133
155
170
232
271
66
158
47
138
238
155
214
141
160
78
70
110
288
197
18
276
97
65
122
204
162
91
245
105
201
206
115
115
236
7
185
72
40
277
235
78
218
274
202
79
183
258
171
45
192
298
62
80
242
251
47
91
218
140
290
67
284
57
185
202
37
194
178
111
142
152
54
209
27
294
238
96
276
14
292
170
271
137
264
107
275
168
82
96
31
93
83
278
285
1
104
195
45
219
274
232
196
293
188
43
158
57
241
199
28
132
206
197
214
142
59
205
212
64
13
62
78
85
235
58
101
6
291
17
212
86
252
288
207
182
121
281
199
129
152
289
78
294
216
29
4
193
105
161
46
219
290
183
26
74
179
234
39
72
239
17
118
247
211
70
58
65
277
15
196
253
96
253
170
150
272
227
249
250
176
72
180
209
274
179
71
191
35
143
220
0
80
203
172
170
272
279
141
252
179
28
263
21
50
77
133
115
48
274
121
189
137
273
299
147
89
263
37
156
107
124
275
16
42
134
41
207
139
287
197
86
224
261
3
277
249
289
234
268
66
147
221
34
104
209
129
107
199
103
113
69
254
62
180
121
228
67
58
259
108
141
105
143
276
109
53
77
276
294
157
191
108
178
12
229
144
232
208
266
3
158
210
178
222
148
255
75
76
177
46
4
154
130
129
198
103
293
104
29
102
104
163
95
298
222
47
195
183
197
256
97
6
276
73
47
141
79
101
175
28
69
193
143
179
181
142
157
277
60
48
221
252
134
186
224
298
259
244
70
259
105
131
138
112
35
205
124
28
159
193
79
93
98
247
189
101
231
126
227
169
11
101
193
138
277
181
254
134
163
85
212
37
127
175
131
197
196
70
105
123
167
55
81
19
49
253
168
257
224
111
281
161
106
12
30
24
200
237
261
108
91
42
19
197
211
240
78
109
82
96
135
181
123
252
272
58
130
46
162
239
275
73
17
31
196
152
2
193
140
96
285
286
98
49
281
7
179
220
17
160
171
204
272
48
221
231
175
229
168
194
261
26
276
127
176
296
54
193
26
50
81
209
166
41
193
272
64
22
225
125
83
237
99
77
193
186
126
112
180
89
87
157
243
16
60
105
58
176
79
296
71
152
274
36
145
148
243
67
86
84
49
238
75
93
295
227
159
180
117
31
10
231
101
224
31
91
163
47
31
226
60
288
251
173
147
186
124
185
70
256
78
51
96
260
263
256
275
59
140
98
203
101
117
152
107
215
133
156
200
242
128
75
208
21
0
13
106
110
40
66
290
285
56
240
14
262
278
218
46
8
162
232
79
245
220
283
104
204
4
203
192
285
179
20
96
244
164
86
124
136
230
76
77
97
184
183
262
100
84
178
41
2
96
89
71
200
73
163
6
33
218
108
31
20
50
123
116
200
173
262
120
241
228
103
156
97
106
167
136
207
45
202
283
198
193
166
51
45
128
95
153
205
226
134
120
100
3
120
19
193
106
231
15
76
136
171
17
16
186
66
210
21
25
296
253
215
227
148
65
272
199
56
14
281
132
199
299
292
268
21
282
156
123
135
44
5
85
72
36
114
200
206
93
268
84
265
86
65
49
132
162
149
67
158
109
251
189
237
253
204
272
297
4
247
68
234
9
205
238
237
113
115
208
200
76
12
83
253
111
56
259
145
269
161
116
281
85
38
195
205
138
225
74
95
6
25
233
46
226
63
29
267
106
68
186
280
249
64
48
239
180
193
241
26
151
99
258
113
178
87
235
79
185
90
68
228
71
239
158
6
12
75
53
198
234
16
122
234
180
12
136
177
36
39
59
70
51
168
274
105
218
40
173
222
131
275
77
116
136
99
35
133
163
154
106
270
167
67
261
197
278
224
208
181
244
219
197
226
147
14
138
150
87
200
226
216
155
168
93
78
28
48
68
236
146
186
180
191
2
122
53
230
59
145
250
176
195
220
183
94
95
67
64
276
229
267
20
95
242
74
4
40
68
51
145
211
202
106
135
240
94
76
272
114
246
298
120
222
170
126
130
30
24
199
158
47
109
266
137
148
219
136
30
196
32
38
70
70
182
23
299
234
187
53
104
42
168
51
4
215
108
45
200
274
138
92
98
63
118
120
103
219
155
11
95
75
119
199
164
48
207
27
160
57
219
106
251
137
128
85
56
50
170
82
202
185
144
8
122
295
37
9
196
131
222
202
115
213
122
90
293
198
77
17
42
233
180
214
31
34
207
155
227
33
243
172
65
112
195
154
204
49
138
14
74
70
135
221
11
110
120
121
174
197
159
141
1
86
186
285
46
124
288
197
36
234
205
207
259
56
14
47
183
167
148
238
147
34
151
60
265
110
154
34
108
67
201
88
194
44
14
156
143
152
264
27
33
126
53
144
246
266
2
50
27
198
220
249
70
112
165
56
126
284
19
69
9
56
221
25
3
138
260
258
154
250
103
202
33
257
49
234
96
253
62
203
76
57
97
143
83
276
82
288
279
49
236
52
175
298
144
0
250
101
47
51
59
66
244
93
184
138
141
289
167
8
243
127
62
262
248
109
274
122
277
184
102
21
181
81
53
111
73
38
285
73
219
287
122
4
168
181
134
155
100
282
294
142
165
248
253
71
229
98
47
193
71
281
209
216
157
276
3
269
45
274
94
194
13
119
87
187
98
293
95
294
259
16
296
156
287
44
117
41
223
291
154
126
88
94
178
157
21
83
136
130
179
288
291
207
125
86
282
160
295
165
11
148
202
219
143
170
246
235
286
236
34
263
199
274
127
83
155
106
256
216
46
206
161
141
258
226
39
97
215
251
30
149
295
141
208
183
154
120
285
152
156
52
259
214
30
107
229
153
15
253
134
278
276
63
219
168
142
33
194
15
46
276
180
70
53
136
245
29
61
165
85
71
260
125
254
108
215
85
141
154
102
299
157
238
182
20
126
285
123
217
90
204
83
139
60
135
62
135
174
104
180
51
69
12
124
94
194
274
203
22
84
81
56
12
7
290
140
212
58
153
113
166
184
152
115
227
99
160
231
40
143
249
7
276
138
176
209
64
148
163
24
48
53
239
217
196
132
57
102
100
266
75
288
139
224
12
48
50
93
74
130
56
27
203
58
257
228
70
80
83
76
55
91
85
217
246
125
58
1
256
277
228
43
235
160
166
245
95
267
34
49
284
33
127
223
262
262
166
118
186
123
295
224
131
201
167
219
265
184
76
106
269
147
192
52
125
269
13
176
273
213
164
80
274
242
265
118
22
229
58
60
257
268
120
203
226
65
254
244
137
298
164
298
167
285
43
270
222
123
281
204
19
169
239
73
241
263
17
193
4
252
147
15
126
270
109
275
172
74
192
116
44
103
171
50
154
8
86
41
105
230
42
70
260
170
149
225
192
231
37
84
123
144
227
183
117
52
256
229
166
6
211
266
52
167
284
129
227
250
278
120
106
94
72
73
188
266
100
235
111
245
211
150
291
259
183
240
299
268
183
276
127
152
129
167
269
258
161
256
145
93
61
167
98
288
14
174
55
24
22
248
299
207
32
43
49
107
219
100
182
141
155
153
175
51
216
198
14
109
28
110
60
3
31
56
132
146
17
185
246
224
25
280
295
48
27
237
228
242
123
86
293
155
271
251
155
61
29
80
151
218
46
28
121
94
206
224
237
5
66
245
201
197
77
286
119
168
262
97
224
6
138
128
297
130
101
23
137
153
179
72
156
83
115
6
171
228
88
126
155
2
115
182
90
189
168
67
271
195
103
114
30
250
161
262
44
150
83
176
260
147
196
143
218
266
39
259
146
51
267
215
140
168
120
86
247
195
168
126
260
61
188
66
29
78
41
2
25
263
262
275
285
79
130
37
200
97
222
63
115
90
217
126
187
102
175
30
31
128
271
76
73
58
155
225
233
241
79
229
176
221
246
76
70
201
150
201
146
203
71
252
168
257
34
29
173
38
178
285
298
210
291
204
111
115
217
252
118
209
98
37
246
137
187
58
66
82
212
259
212
111
168
115
164
108
0
104
85
239
262
41
265
118
93
3
216
190
53
231
221
265
73
94
26
289
101
226
257
268
60
9
299
79
191
299
184
219
18
104
187
32
163
46
275
44
228
173
278
44
13
273
173
105
299
40
157
158
275
107
216
228
222
288
214
134
160
42
174
46
175
157
92
183
121
41
69
193
138
125
133
98
115
42
231
281
57
286
149
157
71
186
14
274
113
175
218
296
29
72
141
161
144
30
151
83
212
190
213
287
113
3
287
10
284
132
18
254
215
256
268
60
279
170
116
171
2
155
42
57
157
42
185
220
189
32
132
192
47
180
5
199
166
68
202
102
144
220
14
202
93
79
250
277
231
28
80
129
245
223
266
237
167
28
171
260
90
246
79
170
44
56
169
114
261
16
10
28
259
181
95
222
135
191
145
182
229
16
64
278
182
145
246
24
228
297
286
299
246
193
81
242
221
53
87
35
150
82
157
174
292
9
202
191
164
67
215
85
176
281
15
61
209
94
187
70
236
273
19
138
178
273
173
62
299
164
109
45
136
279
169
27
112
56
66
267
230
160
68
189
43
127
178
269
73
221
132
160
31
38
216
230
95
21
0
287
269
204
143
214
81
259
281
102
160
267
15
91
31
193
118
34
143
183
260
112
75
278
74
12
284
298
251
205
155
249
216
105
29
250
23
89
123
281
106
185
274
42
74
256
187
199
63
23
188
137
225
145
236
67
115
7
73
181
296
213
238
211
227
169
73
66
183
33
231
245
171
159
266
240
290
1
140
149
78
294
26
197
170
8
129
185
105
230
108
208
81
84
178
64
245
165
38
139
246
164
53
224
244
36
18
142
243
213
249
92
180
46
212
229
186
157
49
247
168
59
242
122
32
32
193
211
224
211
160
249
37
9
292
134
42
64
280
255
42
198
225
180
167
283
267
228
89
228
75
103
74
176
191
93
104
252
157
157
138
57
115
166
167
280
174
62
155
223
74
108
254
7
33
40
214
38
284
172
127
141
74
213
241
24
10
110
114
188
260
185
167
253
179
283
16
37
5
37
157
157
122
156
107
44
229
277
206
173
257
69
273
264
31
174
161
182
29
59
37
32
250
49
1
14
231
19
188
125
18
230
264
211
84
176
161
125
81
262
77
289
86
81
98
281
222
162
104
160
70
112
213
28
157
113
46
19
288
248
16
266
261
18
203
227
58
204
169
118
116
16
34
182
205
161
31
160
3
156
156
1
270
265
243
132
68
246
81
150
38
102
163
237
201
285
210
246
43
31
246
271
80
126
233
281
184
256
98
114
153
145
144
245
193
172
253
52
186
160
203
250
69
38
49
126
64
54
73
177
242
242
165
216
103
57
139
212
101
131
53
9
274
288
173
32
179
148
1
244
136
270
115
31
41
104
195
74
24
293
117
258
260
208
32
33
202
181
295
4
30
281
244
190
216
58
62
102
267
259
139
44
162
5
165
69
117
35
244
299
142
140
285
95
41
230
78
250
249
277
157
250
88
188
181
154
16
231
139
27
170
165
278
108
64
260
49
72
162
128
272
107
266
276
225
126
197
295
264
179
135
297
58
141
22
156
234
279
234
22
244
243
200
184
26
137
289
112
272
216
244
66
80
148
100
88
202
21
275
80
144
181
170
134
45
32
290
286
139
223
182
155
30
18
109
57
51
17
242
173
153
206
103
162
131
92
296
138
223
215
28
25
1
66
52
124
170
149
78
66
186
265
255
163
160
124
249
215
186
113
16
162
53
48
147
279
149
122
229
126
108
276
13
121
279
124
62
106
106
79
115
239
201
192
106
186
142
126
44
279
54
78
185
243
278
247
87
78
291
270
292
129
185
103
183
184
219
229
240
297
128
42
297
242
31
282
239
235
129
190
185
164
243
174
145
86
146
140
5
203
0
183
269
298
199
230
237
59
120
271
6
253
228
58
56
2
25
222
210
99
152
81
69
272
166
283
214
196
189
61
183
29
256
27
224
223
169
88
6
42
278
188
271
69
74
179
295
36
254
284
31
270
288
264
264
163
34
200
126
96
13
80
278
217
59
181
144
1
160
273
221
224
18
70
264
149
183
189
188
151
186
288
197
251
287
169
70
258
151
73
239
103
104
63
14
254
246
205
271
70
47
49
87
18
22
84
202
238
242
272
241
48
117
38
26
182
219
258
27
229
149
293
95
56
62
76
82
217
40
79
263
178
186
77
280
228
141
82
251
88
92
208
35
247
40
18
120
48
59
26
142
211
257
38
254
221
225
117
248
73
66
28
33
177
9
283
140
281
12
200
135
58
11
81
50
27
174
96
68
5
128
297
28
125
262
35
234
246
283
152
110
215
71
258
181
294
261
28
151
29
173
54
296
13
93
104
137
61
232
57
214
216
161
98
101
54
181
56
102
252
267
108
73
258
235
130
59
261
229
136
224
49
255
8
128
29
242
287
54
108
289
295
185
186
34
155
177
99
93
225
245
299
254
149
9
107
162
216
6
23
281
32
285
73
51
246
112
285
241
75
223
121
49
127
67
94
104
23
44
60
170
282
240
154
199
199
61
62
189
105
247
160
230
206
284
24
179
296
284
69
150
281
5
107
276
150
58
293
5
26
293
284
48
48
147
126
34
22
75
42
211
267
195
195
231
12
50
19
58
38
32
110
73
111
164
35
67
42
147
242
184
84
86
151
56
225
114
298
35
206
165
24
284
124
248
193
184
4
78
93
161
101
128
12
62
143
235
25
205
165
178
174
294
285
217
26
217
234
172
259
195
279
52
79
161
142
22
157
6
104
266
11
62
59
299
150
78
248
220
128
242
261
42
165
9
82
23
1
251
244
46
41
113
61
124
64
189
175
259
264
52
195
84
125
160
141
295
77
261
165
61
44
122
292
157
230
272
225
39
291
271
269
273
79
34
277
5
298
276
290
13
1
190
97
69
10
115
288
114
48
193
36
167
75
18
229
289
190
107
299
39
201
220
79
15
285
80
113
190
54
191
266
229
93
169
125
129
171
252
122
8
164
240
128
250
166
30
232
91
240
287
220
65
127
66
52
216
280
189
290
44
64
132
5
71
140
147
29
76
295
86
153
19
96
141
113
294
200
252
37
39
121
59
5
231
56
210
254
246
88
205
293
36
215
94
86
291
49
195
24
158
98
97
0
206
125
281
91
118
275
42
235
125
140
79
232
251
264
243
131
187
244
54
208
167
288
294
37
257
268
26
222
90
90
258
166
48
171
91
98
212
15
251
96
128
218
188
15
45
88
53
45
281
189
38
117
280
50
50
106
160
287
234
71
229
165
71
241
110
229
247
66
66
1
92
139
286
11
133
201
135
120
289
107
186
271
105
171
186
266
37
185
9
199
158
48
263
275
35
124
212
100
133
27
277
9
39
133
213
54
74
265
247
107
162
277
46
177
245
117
296
215
164
150
268
43
178
31
220
33
271
135
126
259
282
114
77
198
295
128
118
19
52
153
43
290
176
63
163
203
32
269
95
10
293
94
153
161
91
261
264
143
233
238
243
223
137
121
265
224
125
257
92
120
246
140
53
200
299
157
120
54
145
274
35
146
122
23
100
169
268
14
26
260
268
285
9
115
250
245
183
197
119
36
17
246
252
166
46
190
60
199
188
274
13
44
8
84
39
162
128
196
226
99
244
136
121
4
154
68
290
115
69
87
232
30
255
124
10
271
225
40
182
277
292
146
171
55
138
200
263
216
251
38
191
154
56
113
226
211
163
86
132
289
68
250
212
117
128
192
105
295
32
185
282
163
76
231
271
51
220
133
138
171
159
234
41
85
239
52
117
234
208
112
132
161
228
171
36
95
38
190
32
110
145
285
39
146
172
224
173
40
256
112
204
233
205
201
24
262
136
244
86
218
44
2
91
121
132
289
207
138
177
71
164
152
277
289
261
224
263
34
150
130
12
188
165
84
52
222
170
55
33
199
256
57
185
113
84
295
34
269
93
244
159
259
288
125
44
173
184
218
286
109
285
229
292
238
118
130
26
194
121
35
280
221
243
192
125
249
271
6
292
131
287
51
146
285
264
229
2
268
105
29
34
236
175
73
142
262
87
118
265
184
228
234
30
71
123
52
49
249
217
205
163
222
12
153
256
222
36
233
38
63
83
139
13
7
58
3
105
14
158
147
99
105
56
251
111
165
37
139
93
30
169
50
47
211
152
225
159
81
57
235
246
70
202
146
287
195
220
21
28
181
213
167
74
137
180
156
15
46
120
179
181
280
119
160
140
257
183
119
148
251
58
0
156
92
147
64
274
40
293
29
128
97
59
273
254
71
252
76
242
11
164
111
120
194
199
219
282
45
82
243
30
159
279
61
201
125
292
291
76
261
48
229
129
27
5
13
165
172
172
211
23
151
229
254
175
12
26
11
40
283
216
117
71
6
145
13
281
18
276
170
283
47
104
287
151
222
178
215
141
111
117
289
131
111
32
178
195
243
91
88
127
234
214
9
185
67
51
151
103
15
96
297
1
298
296
237
257
295
142
55
48
101
6
139
138
162
89
170
114
107
263
231
287
254
67
239
77
260
41
137
277
47
282
148
294
217
129
177
77
145
249
193
260
61
240
287
24
33
270
162
188
263
57
86
168
292
295
7
71
206
40
98
45
239
21
247
12
52
125
70
177
165
152
6
246
220
62
26
165
176
281
206
27
276
165
234
289
284
10
297
7
3
111
57
124
102
298
270
122
88
15
48
294
203
194
216
257
77
28
248
212
198
285
66
89
86
259
223
272
289
257
74
181
191
198
208
98
77
156
273
179
153
244
3
0
66
48
264
267
42
138
78
186
268
143
158
159
75
288
262
239
28
71
84
76
145
193
174
55
223
135
296
156
82
99
62
38
150
48
39
266
160
205
170
176
173
105
78
137
298
11
261
287
41
284
25
193
54
197
143
218
261
171
159
17
184
112
156
254
144
24
243
35
25
16
82
239
98
257
239
11
117
268
30
212
294
89
243
288
210
53
171
116
267
293
34
74
106
28
106
298
92
100
66
70
165
275
232
206
78
107
67
21
201
76
212
14
214
241
132
137
12
154
210
246
208
224
106
194
105
69
137
287
229
26
42
123
283
95
10
176
178
194
175
126
93
130
10
264
111
224
34
232
68
266
149
174
273
284
9
266
213
137
41
77
248
152
121
265
160
198
267
248
150
250
288
144
178
134
134
103
26
147
143
88
96
40
138
136
213
54
60
131
33
244
38
260
101
17
206
222
212
223
19
263
169
3
248
237
179
108
55
239
218
249
34
75
281
229
226
274
165
241
28
179
9
213
285
63
259
58
144
36
166
147
249
61
71
10
145
261
197
281
109
220
76
30
262
211
290
271
166
262
292
49
291
290
130
144
232
120
186
174
1
140
222
64
243
54
213
222
185
122
135
92
132
194
175
255
169
236
188
149
136
281
147
43
83
134
52
85
100
229
207
289
56
182
153
177
80
189
79
15
58
247
42
130
128
49
248
210
142
280
258
287
185
47
210
182
147
93
10
293
142
95
34
160
41
265
175
67
8
184
272
97
199
279
206
154
297
272
122
150
117
122
214
22
162
12
212
286
215
177
277
139
272
157
102
165
232
283
7
229
171
93
225
205
263
87
118
76
271
56
10
252
82
93
284
137
110
232
214
8
262
140
137
35
276
229
72
219
57
242
182
99
50
273
258
3
152
187
15
248
82
229
152
26
105
82
65
192
172
230
99
155
182
98
109
41
133
189
95
23
292
239
299
125
219
16
214
77
49
187
72
167
230
91
11
39
103
161
33
159
62
103
204
99
150
81
257
262
223
55
80
179
129
158
239
172
223
154
129
85
122
178
106
244
211
210
240
255
42
122
167
287
151
15
128
108
26
176
218
178
261
113
59
82
109
298
150
175
102
18
96
6
87
138
240
200
86
21
18
35
271
144
88
172
51
102
60
79
214
218
236
115
257
283
255
120
222
53
91
86
133
113
263
116
40
197
239
97
217
201
178
98
155
293
159
52
266
200
243
231
270
268
194
147
290
295
280
146
173
129
294
66
186
111
273
252
129
208
174
17
198
62
147
192
240
187
181
145
36
185
214
85
35
202
53
21
36
244
7
239
251
287
33
222
3
120
155
245
283
275
291
248
87
116
242
294
187
299
166
246
133
0
165
219
259
52
176
266
103
293
264
203
290
143
85
106
50
220
33
224
180
221
7
220
278
15
167
75
77
153
229
264
161
258
247
107
179
33
104
20
0
47
134
111
112
233
109
79
201
27
181
175
113
192
252
147
225
78
89
267
233
193
262
81
288
43
1
253
80
218
285
269
165
10
230
290
284
9
162
284
291
56
74
249
127
282
26
284
86
162
260
167
266
118
30
63
182
143
58
52
296
196
138
241
171
57
184
0
21
114
15
173
52
100
70
123
276
144
68
168
116
28
61
294
102
45
205
250
280
213
207
164
277
145
59
175
222
134
119
26
257
41
42
75
120
47
286
171
206
146
63
142
235
238
60
100
112
110
266
96
12
47
127
73
53
225
17
55
91
87
215
151
175
38
95
100
126
193
197
91
35
280
99
198
163
156
185
30
120
73
2
99
44
7
223
63
174
290
56
181
276
201
81
115
35
5
63
135
268
69
236
114
5
285
271
5
252
156
50
59
98
110
204
267
6
226
287
211
66
238
91
258
83
64
77
158
53
161
278
77
77
109
58
297
135
126
151
9
218
8
134
51
166
116
9
254
164
72
138
153
111
263
279
73
74
0
290
177
157
148
111
36
250
183
276
290
129
88
16
268
13
153
231
206
292
77
293
226
76
152
252
187
236
3
88
290
287
169
197
267
55
292
143
67
13
232
261
8
138
201
286
22
85
171
233
81
264
159
71
295
140
108
127
243
149
222
153
118
149
34
133
17
243
206
158
270
127
32
42
60
96
257
52
82
14
78
254
127
114
155
32
111
47
150
20
108
210
70
54
75
59
96
123
141
261
54
150
54
252
230
3
13
122
98
147
8
217
258
227
261
158
273
175
12
256
27
278
167
27
214
212
32
15
91
15
154
2
292
222
42
13
276
187
31
280
18
211
72
268
30
283
121
165
140
237
173
293
291
139
63
256
141
155
226
276
259
216
25
36
155
112
3
100
256
26
274
250
198
258
223
48
255
71
81
77
142
29
119
81
129
99
36
269
260
250
15
138
76
222
24
88
5
73
211
270
27
46
231
65
74
179
220
166
293
270
237
95
177
40
17
108
299
275
22
22
99
138
66
293
53
23
46
127
84
24
292
80
113
225
81
135
98
100
235
32
8
110
283
296
70
125
11
130
27
211
50
220
106
202
288
33
75
260
283
7
193
97
282
181
178
203
69
189
114
90
21
88
68
215
241
42
61
189
125
235
178
174
143
145
12
31
3
250
258
272
284
198
83
230
191
28
185
277
133
172
245
128
69
41
240
66
59
75
177
172
128
40
20
189
21
266
74
25
14
233
158
116
232
251
224
201
145
107
72
130
239
174
9
163
55
95
102
235
115
190
168
253
35
199
21
103
165
204
133
251
98
104
135
211
267
97
174
126
79
101
141
75
115
272
236
286
28
157
128
217
283
58
100
157
3
93
89
189
14
53
279
89
245
252
249
195
293
254
46
34
274
94
69
44
83
255
114
230
118
197
31
97
294
73
294
79
66
75
131
242
108
99
92
60
158
130
231
200
7
21
0
57
221
269
200
64
29
98
217
34
0
118
26
286
245
38
258
156
142
23
164
183
44
104
142
120
281
188
182
183
136
210
24
102
192
40
113
248
297
88
4
211
191
156
3
285
159
177
52
299
55
123
0
124
81
282
211
204
175
215
106
156
233
185
18
249
299
254
30
271
93
63
18
149
57
211
80
249
220
126
287
293
175
249
227
96
39
228
9
121
207
292
279
186
281
290
173
56
139
224
33
194
287
142
196
7
69
283
118
64
8
105
1
230
252
51
233
227
171
218
190
83
25
202
76
138
124
253
266
216
279
28
83
172
242
61
154
90
251
104
113
199
232
114
76
209
214
203
209
267
16
280
202
281
222
60
279
259
298
182
93
168
172
243
4
50
83
4
32
69
100
39
129
52
27
273
53
270
263
51
252
153
50
289
279
275
0
248
2
226
272
5
70
254
77
45
27
164
229
138
153
265
123
18
134
111
258
47
23
95
117
170
158
252
37
272
236
70
178
277
66
71
41
195
101
158
298
211
154
237
292
46
99
65
245
102
299
183
147
218
236
37
203
268
131
82
174
98
112
278
277
59
295
17
294
74
137
105
187
211
83
22
84
257
164
202
160
288
33
241
253
83
86
259
230
85
7
23
216
292
132
114
139
206
280
276
213
15
192
95
273
122
291
90
42
20
269
79
182
166
80
40
185
191
95
95
45
293
125
144
216
190
240
139
179
26
119
190
248
239
92
67
295
81
286
74
297
95
150
77
67
166
120
33
57
268
133
157
180
164
267
173
84
148
168
116
26
263
42
148
203
116
218
66
37
159
12
193
10
230
230
148
145
242
105
224
140
260
92
194
39
134
143
57
98
234
199
254
251
289
186
41
80
232
206
115
64
91
52
96
67
50
123
183
30
56
286
112
198
93
50
98
11
207
38
4
190
201
202
33
38
12
155
206
45
254
243
275
246
15
160
251
154
265
155
219
46
227
289
18
59
77
238
232
23
51
71
116
258
15
38
72
115
273
193
114
53
133
238
13
242
98
86
117
47
33
47
163
123
111
240
153
80
203
7
136
251
267
200
111
296
258
281
167
191
238
107
255
261
135
52
74
77
240
59
246
184
128
99
164
211
295
268
21
245
79
94
192
248
53
51
37
88
128
259
55
249
48
183
209
180
207
163
106
261
140
239
279
103
72
3
10
233
133
105
248
164
225
123
118
277
143
153
163
216
175
58
244
153
204
103
282
286
281
239
200
49
228
89
116
196
171
166
232
90
276
122
52
279
81
37
174
182
99
38
184
90
194
80
117
44
240
220
203
220
69
202
21
38
172
179
13
221
147
253
198
296
208
24
5
57
134
102
97
84
187
42
86
82
129
247
267
241
258
93
158
176
31
290
208
171
162
11
280
264
235
113
157
78
114
20
108
95
287
164
26
282
265
173
274
122
275
101
190
276
156
184
59
253
147
165
238
136
163
58
292
36
287
280
257
37
208
56
117
15
25
296
14
16
131
234
150
140
110
38
193
190
168
187
106
268
109
37
98
265
35
0
7
214
71
110
25
155
3
244
143
40
281
86
149
179
144
43
70
155
157
40
20
270
121
236
89
107
125
207
17
171
38
212
245
133
103
45
294
291
215
206
191
15
7
110
294
2
28
110
281
88
160
242
92
248
147
269
227
113
87
26
26
273
97
116
15
257
283
79
103
49
189
296
88
182
199
64
90
261
42
156
120
113
39
131
237
268
206
22
190
94
200
136
70
107
234
194
17
146
291
161
1
46
35
204
87
12
174
195
112
249
44
200
151
173
202
184
222
151
194
9
211
183
254
227
129
250
206
71
106
53
91
259
244
109
131
24
195
269
294
8
181
64
289
100
257
133
238
93
288
196
203
72
209
43
219
244
26
93
238
271
167
61
163
61
291
274
119
220
245
282
37
23
125
221
97
118
214
159
181
74
286
148
125
97
228
98
249
219
58
204
149
158
168
279
167
39
47
62
209
194
28
70
197
248
175
141
225
83
60
206
284
226
105
230
184
198
206
33
146
136
296
228
90
295
240
45
116
288
255
32
271
149
225
249
288
111
39
194
55
163
48
226
252
70
241
274
104
68
201
195
128
134
85
124
83
20
67
293
32
190
32
256
115
124
140
232
65
27
266
27
108
294
29
168
31
47
133
60
241
162
29
192
129
171
277
60
111
3
262
151
293
43
69
87
44
64
236
122
3
298
280
96
200
83
40
207
223
83
225
245
16
78
299
161
64
57
162
17
258
85
225
173
289
168
31
120
162
281
298
87
128
42
208
274
16
272
112
11
142
290
70
164
147
10
107
233
133
89
11
153
272
145
79
177
258
236
25
163
73
91
69
223
11
268
255
272
102
275
163
281
86
38
60
29
256
263
76
100
180
51
194
7
69
297
141
111
91
77
264
0
177
213
250
119
108
203
197
118
140
41
5
240
101
9
130
233
225
105
218
282
237
46
28
124
129
91
250
13
223
233
68
264
210
5
233
94
55
93
21
49
276
254
107
212
249
145
185
243
108
112
139
164
48
200
132
198
296
49
235
85
176
205
32
294
172
89
297
29
72
104
283
180
256
205
93
110
109
36
177
75
83
192
28
53
173
151
139
236
118
293
251
290
217
45
257
211
27
230
218
195
227
57
252
71
291
252
78
180
105
194
257
254
36
128
272
158
256
200
248
250
103
251
143
153
230
125
18
245
207
191
157
164
272
24
200
295
256
189
71
261
113
21
189
283
278
33
13
42
89
95
272
105
95
185
247
161
151
4
100
142
209
174
234
64
272
165
106
199
129
181
67
250
293
0
278
78
157
31
183
69
212
203
195
36
271
298
286
226
92
260
258
154
227
185
228
156
177
292
27
47
217
64
255
113
149
34
100
199
116
42
271
259
250
82
240
296
101
221
245
160
121
123
25
112
190
98
208
27
116
236
190
243
260
42
47
137
205
116
206
283
101
94
257
165
205
274
107
211
127
131
163
264
182
46
4
96
127
123
230
257
270
150
0
240
98
222
178
74
97
190
121
281
155
214
80
166
135
172
37
123
19
136
273
205
39
133
140
26
260
241
213
291
269
206
96
133
67
181
240
69
182
288
44
54
219
35
201
202
106
60
74
184
219
180
194
44
137
139
289
2
151
35
161
100
223
228
199
295
139
299
18
165
226
93
184
241
235
61
3
210
8
106
241
220
25
246
175
299
234
278
274
237
87
127
107
48
290
196
65
145
250
96
252
63
282
142
185
190
208
128
99
217
39
130
299
9
243
87
15
56
143
112
64
87
59
207
71
32
84
205
125
279
69
88
209
193
19
92
202
233
78
180
120
83
85
39
16
134
72
124
211
127
153
58
234
218
189
200
100
39
292
140
152
205
194
135
142
181
15
53
263
175
49
92
259
128
177
130
67
228
80
147
279
214
138
252
265
144
164
138
95
53
290
273
225
144
194
28
99
247
72
21
105
203
126
14
28
1
31
147
236
130
199
152
226
87
56
18
81
156
4
285
283
287
65
160
133
59
66
296
115
237
136
14
236
277
43
64
166
42
275
126
248
296
93
69
253
110
78
131
77
223
293
44
281
279
259
113
67
94
108
239
118
297
5
66
107
74
170
295
37
189
157
219
67
190
126
0
15
1
223
189
289
124
283
89
264
168
23
260
132
2
150
193
93
62
290
235
243
145
5
199
127
176
273
133
264
221
94
215
125
118
197
106
298
51
90
94
97
111
293
284
100
82
186
98
216
201
251
227
140
22
282
235
45
262
31
129
152
212
125
120
187
36
83
51
20
240
230
104
204
238
190
190
90
10
14
125
50
205
32
206
105
114
32
101
294
35
91
119
250
128
147
159
228
200
17
211
182
208
284
135
28
32
112
166
123
175
89
23
156
230
156
222
182
40
187
295
64
280
197
35
119
111
52
246
168
177
147
32
117
278
298
38
242
173
76
188
130
243
107
72
277
61
70
274
260
200
74
22
171
140
37
197
227
120
133
263
216
199
141
40
64
190
285
35
73
138
14
251
284
161
192
224
186
240
59
285
99
2
23
122
56
188
88
44
81
220
112
232
172
58
279
116
204
125
222
16
6
230
75
73
260
214
131
267
79
177
96
228
66
71
229
2
183
226
236
102
97
89
47
7
191
75
157
228
193
278
87
10
48
81
21
220
15
40
18
56
207
272
137
299
170
202
116
244
103
16
219
13
265
86
24
113
90
197
256
64
226
153
290
181
168
152
298
149
72
150
5
89
46
20
218
46
126
44
12
62
297
282
123
246
114
275
69
213
272
136
2
164
72
267
69
160
22
94
132
100
200
269
246
260
97
45
59
168
191
216
73
241
32
174
118
116
183
272
196
273
134
297
240
23
242
115
102
289
289
127
237
168
39
95
126
70
152
67
129
118
97
86
256
105
201
42
122
297
182
202
195
227
28
111
163
155
84
137
60
170
41
60
67
35
272
178
165
123
290
267
210
241
211
266
83
110
155
94
69
211
63
165
49
148
197
275
145
258
128
218
246
116
276
64
236
135
120
210
247
190
184
152
168
191
49
281
175
151
135
96
174
203
87
275
74
244
177
143
112
53
200
285
234
71
243
75
263
121
78
226
289
84
66
58
53
284
160
230
53
193
205
250
201
37
17
26
86
191
258
133
66
247
176
214
159
87
289
122
88
101
119
6
169
150
86
86
27
54
172
229
235
173
252
247
266
29
199
153
1
73
289
56
133
166
201
89
189
147
211
160
167
135
86
110
73
170
223
127
273
251
184
167
7
257
56
240
196
119
42
5
163
137
209
21
148
188
263
243
292
277
168
141
204
70
64
243
243
228
111
69
182
285
5
247
19
121
123
280
38
226
237
241
88
140
115
63
298
114
57
15
168
199
110
177
51
172
145
152
193
82
43
260
100
210
283
117
153
111
43
143
185
263
113
133
252
70
262
10
253
228
283
126
150
278
73
145
144
95
60
65
134
290
134
213
122
74
105
70
224
37
36
201
146
258
173
129
99
23
260
55
196
2
151
139
0
210
191
244
99
144
285
254
9
214
25
131
288
275
67
141
79
52
175
19
81
95
227
258
73
95
77
17
227
195
211
166
183
30
213
275
184
178
65
68
28
84
11
283
90
0
106
14
132
240
27
28
230
142
259
291
283
149
107
176
62
21
219
159
227
144
154
60
80
11
124
234
198
37
281
196
68
284
2
114
294
193
49
248
150
254
194
112
267
227
31
208
165
6
240
19
129
26
11
89
185
141
22
161
259
140
14
226
10
220
102
279
209
35
221
0
211
241
32
250
267
163
191
18
16
139
45
289
79
121
115
110
244